Zodis                         Eilutes
------------------------------------------------------------
a                             93, 120, 122, 132, 134, 135, 141, 144, 146, 151, 154, 156, 160, 175, 177, 204, 206, 208, 212, 214, 216, 218, 224, 226, 230, 232, 234, 236, 243, 245, 249, 255, 257, 259, 266, 272, 274, 277, 279, 281, 287, 293, 297, 313, 320, 327, 329, 331, 344, 347, 349, 351, 353, 355, 362, 366, 368, 374, 387, 393, 402, 406, 410, 421, 429, 435, 444, 446, 450, 455, 461, 463, 479, 490, 498, 517, 519, 521, 523, 525, 603, 605, 620, 639, 650, 653, 657, 658, 665, 729, 737, 740, 742, 760, 805, 810, 817, 825, 849, 879
abandonadas                   154, 523
abril                         93, 173, 177, 204, 525, 653, 654, 664, 725, 732, 753
abs                           185, 189
abundante                     357, 433
academia                      582, 596
actual                        222, 232, 253, 302, 303, 399, 603, 607
actualidad                    277, 315
acueductos                    433, 435, 523, 527
acuerdo                       160, 173, 362, 366, 368, 653, 760, 804
acuerdos                      34, 688
administrativa                305, 306
aeropuerto                    183, 383, 389, 390, 391
agosto                        730, 733, 755, 758, 759, 807, 817, 818, 819, 862
agricultura                   154, 376, 490, 646
agripa                        73, 399, 721
agua                          366, 523
aire                          177, 179, 479
al                            131, 135, 144, 160, 162, 170, 175, 208, 226, 230, 232, 243, 247, 252, 257, 268, 272, 274, 278, 281, 285, 290, 293, 320, 327, 351, 357, 362, 366, 385, 425, 431, 433, 457, 460, 463, 479, 498, 523, 525, 603, 605, 617, 620, 650, 656, 657, 724, 756, 804, 880
alberga                       357, 374, 376, 421, 609, 620, 648, 871
albergar                      287, 431
alcalde                       91, 302, 303
alcanza                       313, 767, 805
alguna                        257, 357
algunas                       527, 646
algunos                       162, 351, 357, 435, 439, 496, 620, 739
alimentos                     376, 646
all                           277, 357, 490, 648, 805
alla                          615, 620, 867, 868
alonso                        850, 854
alrededor                     170, 253, 257, 385, 412, 431, 435, 448, 450, 490, 494, 656, 805
alta                          122, 523, 620
altitud                       96, 196, 197
alto                          156, 393, 519
alzado                        393, 444
amamantados                   204, 206
american                      546, 554
amistad                       34, 688, 692
anco                          210, 212
anejos                        504, 505
anfiteatro                    144, 224
aniene                        160, 170, 287, 441
ante                          234, 463
antes                         212, 345
antica                        492, 496, 868
antigua                       214, 249, 261, 272, 421, 429, 479, 603, 620, 632, 762, 878
antiguamente                  463, 517
antiguo                       167, 479, 517, 629
antiguos                      439, 739
antonio                       218, 272
anual                         177, 184
aparte                        144, 170
appia                         412, 483, 492, 496
aproximadamente               154, 620
aquel                         266, 463
aquellas                      257, 523
archivado                     732, 735, 748, 751, 753, 754, 755, 757, 758, 759, 805, 817, 824, 825, 826, 861, 866
arco                          324, 438, 439
argentina                     455, 479
arquitectura                  120, 397, 416, 443
arriba                        73, 141
arte                          120, 137, 628, 629, 632, 634, 636, 637
artes                         596, 611
as                            162, 218, 249, 295, 374, 406, 421, 527, 671
asamblea                      353, 814
ascenso                       272, 285
aspectos                      362, 640
ateneo                        583, 584
augusto                       218, 224, 230
aunque                        179, 266, 331, 805
aureliana                     476, 477
aurelianas                    122, 281, 446
aurelio                       279, 465
australia                     679, 714
babuino                       457, 463
baja                          160, 521, 523
bajo                          124, 197, 222, 224, 261, 272, 519, 880
bandera                       76, 679, 682, 684, 687, 691, 694, 695, 696, 697, 698, 699, 700, 701, 702, 703, 704, 705, 706, 707, 708, 709, 710, 711, 712, 713, 714, 715
banner                        9, 12
barrio                        287, 410, 609, 611, 617, 650
barrios                       287, 295, 421
barroco                       455, 849
battista                      383, 519
belli                         329, 331
bernini                       465, 473, 474, 527
beta                          61, 376
bien                          175, 603
bienes                        122, 395, 501, 734
bonaventura                   587, 836, 837, 838, 839, 840, 841, 842, 868
borghese                      429, 489, 630, 667
bracciano                     162, 170
bulgaria                      687, 708
buscar                        4, 5
by                            818, 884
c                             93, 175, 185, 186, 187, 188, 189, 212, 214, 216, 218, 387, 446, 849
cabo                          214, 245, 521, 658, 665
cada                          368, 517, 523, 664
calidad                       297, 359, 362, 366
calles                        463, 517, 523
campeonato                    660, 665
campidoglio                   255, 303, 421, 428, 749
campo                         295, 450, 455, 494
campus                        546, 552, 555
canad                         698, 706, 712
capital                       69, 71, 87, 90, 117, 118, 120, 124, 222, 232, 234, 249, 266, 272, 274, 277, 293, 297, 362, 393, 446, 517, 519, 646, 648, 850
capitale                      300, 303, 857, 866
capitales                     154, 230
capitolina                    143, 144, 302, 303, 400, 421, 632
capitolinos                   203, 421, 632
capitolio                     167, 519, 523
caracalla                     439, 645
caracteriz                    257, 285, 355
caracterizado                 268, 439
caracterizados                216, 224, 603
caracterizan                  421, 448
carbonara                     615, 620
cardenalicias                 268, 421
carli                         544, 551
carlo                         279, 331
carlomagno                    242, 249
casa                          418, 479, 666
casas                         253, 421, 481, 517
casi                          261, 313, 320, 345, 446, 463
caso                          156, 212, 527, 731, 743
castel                        265, 281
castillo                      73, 274, 460
castillos                     253, 448
catacumbas                    406, 412
catolicismo                   124, 335, 357
causa                         279, 287, 446
cavour                        278, 281
celebraciones                 603, 607
celio                         167, 481
cementerios                   412, 414
centenares                    406, 421, 431, 656
central                       167, 214, 236, 257, 406, 540
centro                        120, 122, 159, 175, 249, 257, 261, 268, 285, 297, 362, 374, 381, 385, 439, 457, 483, 503, 523, 525, 620, 642, 662, 732, 733
centros                       353, 479, 642
cercana                       374, 479
cfr                           804, 805
ciampino                      383, 759
cifra                         313, 729, 805
cinco                         141, 268, 279, 441
circo                         431, 525
circuito                      446, 665
cit                           852, 853, 854, 855, 856
citt                          118, 811, 851, 868
ciudad                        78, 90, 117, 118, 122, 124, 144, 146, 154, 156, 160, 167, 170, 175, 179, 208, 212, 214, 216, 236, 245, 253, 257, 259, 268, 277, 279, 285, 287, 290, 291, 293, 295, 297, 303, 320, 325, 344, 347, 351, 357, 362, 368, 374, 376, 381, 383, 385, 395, 400, 406, 409, 414, 421, 431, 439, 441, 444, 446, 448, 450, 457, 461, 465, 481, 490, 494, 517, 521, 523, 525, 605, 620, 642, 646, 653, 680, 700, 718, 735, 740, 741, 743, 804, 805, 845, 850
ciudadanos                    255, 320, 362
ciudades                      34, 114, 154, 366, 387, 688, 692
civil                         232, 416, 527
civiles                       218, 421
clases                        146, 620
claudio                       218, 869
clemente                      259, 481, 519
clima                         98, 172, 173, 285, 362
colegio                       376, 646
colina                        167, 302, 303, 479, 609
colinas                       135, 150, 151, 160, 162, 167, 268, 494, 523, 742
coliseo                       73, 144, 224, 285, 290, 424, 431, 479, 523, 719
coloc                         521, 525
colonna                       421, 455
color                         61, 141, 335, 336, 337, 338, 339, 340, 341
columna                       465, 476, 477
columnas                      465, 525
columnata                     473, 474
comenzaron                    272, 281
comienzo                      238, 329, 433
commons                       871, 880
como                          118, 120, 124, 144, 154, 160, 162, 181, 212, 214, 218, 222, 243, 249, 257, 266, 285, 287, 291, 295, 303, 325, 327, 329, 345, 353, 355, 374, 376, 381, 395, 421, 425, 431, 519, 523, 527, 620, 637, 646, 863
compleja                      160, 395
complejo                      170, 504, 505
complejos                     295, 362
comunal                       414, 802
comunidad                     295, 357
con                           10, 111, 118, 122, 141, 154, 156, 160, 170, 173, 175, 177, 179, 210, 212, 218, 230, 232, 236, 243, 245, 247, 253, 272, 274, 279, 285, 313, 320, 325, 329, 351, 353, 355, 362, 366, 368, 374, 376, 381, 395, 406, 446, 448, 457, 463, 465, 479, 483, 490, 492, 498, 519, 521, 523, 525, 527, 605, 609, 620, 629, 630, 636, 638, 639, 648, 653, 654, 658, 669, 689, 692, 805, 879
conciliazione                 285, 457
concilio                      266, 268, 295
conecta                       387, 457
confirm                       222, 257, 266, 325, 355
conoce                        118, 303
conocida                      465, 620
conocido                      124, 285, 425, 523, 637
conquista                     214, 216
conserva                      461, 634, 635
considera                     353, 368
considerado                   327, 353
constantino                   232, 438, 439
constituido                   141, 160, 167
construidas                   433, 517
construido                    287, 441
construidos                   236, 429, 435
construy                      295, 523
construyeron                  295, 435
consular                      255, 446
consultado                    725, 730, 731, 732, 733, 735, 736, 737, 745, 746, 748, 749, 751, 753, 754, 755, 757, 758, 759, 803, 804, 805, 807, 809, 810, 811, 812, 816, 817, 818, 819, 820, 821, 822, 824, 825, 826, 828, 845, 847, 861, 862, 864
contaba                       448, 805
contar                        490, 648
continuas                     214, 259
contra                        214, 216, 281
convertida                    214, 517
convierte                     218, 230, 247, 293
convirti                      234, 620
coordenadas                   68, 85, 502
corona                        156, 249
corso                         457, 603
corte                         425, 527, 646
cotidianamente                362, 805
crecimiento                   175, 329, 620
cristiana                     224, 261
cristianismo                  234, 353, 355, 525
cristianos                    232, 353, 357, 412
cruz                          141, 406, 579
csa                           98, 173
cual                          131, 137, 151, 156, 160, 175, 226, 285, 479, 605, 653, 656
cuales                        141, 167, 224, 320, 353, 431, 433, 441, 446, 463, 496, 609
cuando                        177, 179, 230, 257, 259, 272, 281, 444, 461, 620
cuatro                        261, 406, 433
cuenta                        7, 210
culto                         232, 406, 658
cultos                        351, 357
cultura                       31, 120, 599, 609, 620, 873
cultural                      122, 268, 362, 374, 400, 431
culturales                    376, 395, 620
cutrufo                       727, 806, 857, 866
cuya                          277, 631
da                            383, 560
dar                           177, 455
datos                         115, 212, 876
de                            34, 69, 71, 73, 82, 84, 87, 90, 93, 110, 114, 117, 118, 120, 122, 124, 129, 130, 131, 132, 133, 134, 135, 137, 139, 141, 144, 146, 151, 154, 156, 159, 160, 162, 166, 167, 170, 173, 175, 177, 179, 183, 191, 192, 197, 200, 203, 204, 208, 210, 212, 214, 216, 218, 221, 222, 224, 226, 229, 230, 232, 234, 236, 238, 242, 243, 245, 247, 249, 252, 253, 255, 257, 261, 265, 266, 268, 272, 274, 277, 278, 279, 281, 285, 287, 290, 291, 293, 295, 297, 302, 303, 306, 313, 315, 317, 320, 324, 325, 327, 344, 345, 346, 347, 349, 351, 353, 355, 357, 359, 361, 362, 366, 368, 372, 373, 374, 376, 380, 381, 385, 387, 390, 391, 395, 399, 400, 402, 405, 406, 410, 412, 414, 418, 421, 425, 429, 431, 433, 435, 438, 439, 441, 444, 446, 448, 450, 454, 455, 457, 461, 463, 465, 467, 468, 473, 474, 479, 481, 483, 489, 490, 492, 494, 496, 498, 500, 503, 504, 505, 506, 507, 508, 509, 515, 517, 519, 521, 523, 525, 527, 531, 535, 536, 537, 538, 540, 542, 556, 559, 561, 564, 570, 572, 579, 580, 585, 593, 596, 602, 603, 605, 607, 609, 611, 613, 617, 620, 623, 626, 628, 629, 630, 631, 632, 634, 635, 636, 637, 639, 640, 642, 645, 646, 648, 650, 653, 654, 656, 657, 658, 660, 662, 664, 665, 666, 667, 668, 669, 671, 672, 679, 682, 684, 687, 688, 689, 691, 692, 694, 695, 696, 697, 698, 699, 700, 701, 703, 704, 705, 706, 707, 708, 709, 710, 711, 712, 713, 714, 715, 717, 721, 725, 730, 731, 732, 733, 734, 735, 736, 737, 739, 740, 745, 746, 748, 749, 751, 752, 753, 754, 755, 756, 757, 758, 759, 760, 762, 803, 804, 805, 807, 809, 810, 811, 812, 816, 817, 818, 819, 820, 821, 822, 824, 825, 826, 828, 845, 847, 848, 850, 861, 862, 863, 864, 866, 872, 875, 878, 880, 881, 882
debajo                        479, 481
debido                        517, 523
decadencia                    325, 395
decidi                        261, 603
decir                         173, 222
dedicados                     402, 431, 490
defensa                       376, 444, 646, 648
degli                         551, 571, 810
dei                           285, 457, 510, 511, 523, 657, 669, 729
del                           10, 114, 118, 120, 122, 124, 127, 134, 135, 136, 137, 139, 141, 144, 151, 154, 156, 159, 160, 162, 170, 175, 177, 197, 206, 208, 212, 214, 216, 218, 222, 224, 226, 230, 232, 234, 236, 238, 242, 243, 247, 249, 252, 253, 255, 257, 261, 266, 268, 271, 272, 274, 279, 281, 285, 293, 295, 302, 303, 313, 320, 325, 327, 329, 331, 344, 351, 353, 355, 357, 362, 366, 374, 376, 385, 393, 395, 400, 406, 409, 410, 412, 414, 421, 425, 433, 435, 446, 448, 455, 457, 460, 461, 463, 479, 481, 483, 489, 492, 494, 496, 514, 517, 519, 521, 525, 544, 553, 603, 609, 620, 628, 630, 638, 646, 648, 650, 658, 660, 665, 692, 702, 709, 718, 729, 735, 736, 741, 745, 749, 805, 814, 849, 872, 877
della                         285, 406, 425, 433, 457, 521, 629, 816, 820, 868
densidad                      101, 156
dentro                        117, 517, 630, 667, 734
departamento                  362, 368, 847
deportes                      33, 659
deportivos                    295, 362
desarroll                     151, 293
desarrollaron                 295, 603, 620
desarrollo                    257, 376, 444, 646
desde                         73, 118, 179, 214, 222, 230, 261, 266, 277, 295, 329, 347, 349, 357, 421, 463, 605, 620, 638, 665, 667, 691, 732, 735, 748, 751, 753, 754, 755, 757, 758, 759, 805, 817, 824, 825, 826, 849, 861, 863, 866
destino                       124, 357
destruidas                    230, 448
di                            73, 387, 455, 457, 479, 496, 508, 527, 620, 667, 691, 720, 724, 726, 729, 810, 817, 825, 851, 861, 864, 867
dialecto                      327, 331
dialectos                     322, 327
diciembre                     177, 242, 320, 821, 822
diferencia                    349, 494, 525
difundidas                    357, 739
digital                       730, 877
diocleciano                   230, 439
dioses                        345, 346, 463
dirigida                      236, 281
discurso                      278, 736
disfraces                     605, 654
distintas                     245, 349
distintos                     208, 320, 446, 463
diversos                      162, 395, 640
divinidades                   349, 351
domenico                      519, 525
dominio                       208, 261, 268, 272, 274
domus                         421, 479
donde                         479, 517, 634, 635
dos                           124, 144, 146, 230, 257, 295, 368, 383, 387, 498, 521, 523, 742
dur                           272, 279
durante                       144, 177, 261, 281, 285, 290, 327, 357, 400, 421, 439, 455, 517, 519, 607, 620
e                             212, 214, 285, 325, 381, 531, 573, 593, 665, 724, 729, 810, 825, 851, 869
edad                          144, 238, 240, 257, 263, 285, 327, 357, 395, 402, 421, 433, 448, 461, 517, 605
edicto                        232, 234, 355
edificaciones                 421, 452
edificio                      410, 421, 630
edificios                     236, 285, 400, 402, 421, 425, 431, 444, 463, 504, 505, 513
editar                        44, 115
editore                       747, 857, 866
egipcio                       412, 525
egipcios                      320, 461
egipto                        222, 461, 715
ejemplo                       325, 463, 620
el                            10, 80, 118, 120, 122, 124, 127, 137, 139, 141, 144, 146, 154, 156, 160, 162, 167, 170, 175, 177, 179, 181, 197, 204, 208, 210, 212, 214, 216, 218, 222, 224, 226, 230, 232, 234, 236, 238, 242, 243, 245, 247, 249, 252, 253, 255, 257, 259, 261, 266, 268, 271, 272, 274, 277, 279, 281, 285, 287, 290, 291, 295, 297, 303, 313, 320, 324, 325, 327, 329, 353, 355, 357, 361, 362, 366, 368, 374, 376, 381, 383, 385, 387, 393, 395, 400, 406, 410, 412, 414, 420, 421, 424, 425, 428, 429, 431, 435, 439, 441, 444, 446, 448, 455, 457, 460, 461, 463, 465, 479, 481, 483, 486, 489, 492, 494, 496, 498, 506, 513, 517, 519, 521, 523, 525, 527, 531, 603, 607, 609, 611, 617, 620, 628, 631, 633, 636, 638, 642, 646, 648, 650, 653, 654, 656, 657, 658, 662, 664, 665, 668, 715, 725, 730, 731, 732, 733, 735, 736, 737, 740, 745, 746, 748, 749, 751, 753, 754, 755, 757, 758, 759, 767, 803, 804, 805, 807, 809, 810, 811, 812, 816, 817, 818, 819, 820, 821, 822, 824, 825, 826, 828, 845, 847, 849, 861, 862, 864, 866, 879, 880
ellas                         162, 259, 446, 448, 463
ellos                         274, 362, 441, 632
embargo                       175, 212, 281, 351, 519, 523, 525
emblema                       141, 268, 431
emilio                        218, 867
emperador                     222, 230, 234, 249, 272, 281
emperadores                   224, 236
empresas                      374, 642
en                            4, 10, 80, 81, 82, 83, 84, 115, 117, 118, 120, 122, 124, 137, 139, 141, 144, 146, 151, 154, 156, 160, 170, 173, 177, 179, 197, 206, 208, 212, 214, 216, 218, 222, 224, 226, 230, 232, 234, 236, 242, 243, 245, 247, 249, 253, 255, 257, 259, 266, 268, 271, 272, 274, 279, 281, 284, 285, 291, 293, 295, 297, 302, 303, 306, 313, 320, 324, 325, 327, 329, 331, 334, 345, 346, 351, 353, 357, 361, 362, 365, 366, 368, 372, 374, 376, 381, 383, 385, 393, 395, 402, 406, 409, 410, 412, 414, 421, 429, 431, 433, 435, 441, 444, 446, 448, 457, 463, 465, 481, 483, 489, 490, 492, 494, 496, 506, 508, 513, 517, 519, 521, 523, 525, 527, 531, 603, 605, 607, 609, 611, 617, 619, 620, 632, 633, 636, 645, 646, 650, 653, 654, 656, 657, 658, 664, 665, 666, 667, 668, 669, 691, 725, 726, 730, 731, 733, 734, 743, 757, 759, 804, 805, 818, 819, 825, 863, 866, 867, 868, 869, 872, 873, 874, 878
enciclopedia                  3, 729
enclave                       124, 156, 170
encontr                       206, 517
encontraba                    208, 285
encuentra                     124, 151, 160, 170, 376, 395, 410, 479, 611, 632
encuentran                    122, 177, 455, 465, 479, 483, 531, 603, 650, 805
enero                         274, 736, 737, 751
eni                           372, 374
enlaces                       38, 870
entidad                       87, 124
entre                         156, 162, 167, 208, 214, 253, 257, 259, 272, 274, 303, 315, 320, 331, 362, 421, 433, 439, 441, 446, 448, 455, 457, 463, 465, 496, 517, 519, 521, 603, 609, 620, 624, 629, 632, 650, 664, 767
era                           230, 274, 325, 327, 345, 349, 863
eran                          253, 320, 329, 349, 402, 448, 461, 517, 620, 804
es                            118, 122, 124, 146, 154, 156, 170, 173, 175, 179, 197, 212, 222, 253, 277, 297, 303, 313, 320, 327, 357, 362, 368, 373, 374, 376, 380, 381, 385, 393, 406, 425, 433, 446, 461, 465, 479, 490, 527, 603, 605, 609, 642, 646, 653, 662, 691, 740, 881
escalera                      504, 523
escritos                      137, 463
escudo                        77, 139, 141, 144
ese                           261, 406, 527
espacio                       345, 849
espacios                      346, 362
especialmente                 173, 412, 620
espectadores                  431, 656
est                           139, 141, 160, 167, 170, 303, 306, 362, 439, 441, 494, 689, 691, 880
esta                          175, 177, 279, 373, 523, 879
estaba                        208, 349, 525, 767
estaban                       230, 402
establecido                   414, 646
estaciones                    173, 380, 381
estadio                       668, 670, 671, 672
estado                        154, 247, 249, 266, 277, 281, 285, 355, 357, 425, 457, 648
estas                         173, 439
estatua                       144, 344, 463
estatuas                      463, 525
estatutos                     139, 646, 745
este                          69, 151, 208, 212, 245, 255, 272, 295, 393, 517, 519, 523, 743, 880
esto                          374, 620
estos                         160, 212, 331, 400, 421, 461, 620
estructura                    245, 519
estudiantes                   313, 531, 805
estudio                       362, 366, 368, 805
estudios                      561, 593
estuvieron                    216, 224
estuvo                        261, 268, 620
eterna                        78, 118, 523, 868
etrusco                       210, 214, 325, 483, 633
etruscos                      132, 208, 214, 633
eur                           287, 372, 421, 665
euratom                       295, 646
europa                        120, 154, 170, 325, 380, 517, 611, 632, 845
europea                       295, 313, 374, 446, 556, 646
europeo                       245, 374
evento                        10, 668
eventos                       92, 654, 662
evolucionado                  329, 620
excavaciones                  272, 483
excepcional                   156, 412
exclusivamente                277, 351
existen                       127, 137, 465
externos                      38, 870
extiende                      154, 277, 494
extramuros                    122, 406, 515
facultad                      559, 585, 586, 587, 588
familias                      253, 257, 259, 268, 421, 448
fao                           376, 645, 646
fascista                      284, 285
fase                          325, 349
febrero                       272, 285, 803, 828
fecha                         653, 863
felice                        433, 523, 527, 565
festeja                       654, 658
fieles                        357, 402
fiesta                        656, 657, 658
fiestas                       110, 346, 351
final                         238, 279, 638
finalmente                    519, 523, 525
firma                         285, 646
fiumicino                     383, 754
fluvial                       160, 162, 385
folclore                      600, 605
fondo                         376, 646
fontana                       73, 433, 519, 527, 720
fontane                       433, 673
fori                          285, 457, 657, 669
forma                         135, 141, 160, 208, 272, 412, 603, 742
formaban                      406, 429, 450
formas                        245, 329
formulada                     739, 741
foro                          272, 287, 479, 486, 538, 664
fra                           629, 729
francia                       242, 691
frente                        151, 162, 170, 344, 525, 657
fresco                        177, 252
fue                           122, 144, 204, 212, 218, 234, 236, 245, 249, 259, 261, 268, 272, 274, 279, 281, 285, 291, 293, 295, 325, 353, 431, 461, 519, 521, 523, 525, 527, 603, 620, 660, 734, 739, 740, 879
fuente                        194, 195, 317, 433
fuentes                       433, 523, 527
fuera                         374, 483, 805
fueron                        206, 216, 281, 295, 402, 425, 433, 435, 448, 461, 521, 523
fund                          232, 257
fundada                       204, 212
fundador                      210, 740
gabba                         761, 763, 764, 765, 766, 768, 769, 770, 771, 772, 773, 774, 775, 776, 815, 867
gangemi                       857, 866
gemelos                       133, 144, 740
genera                        156, 374
general                       212, 272, 279, 281, 362, 603
giardina                      813, 827
gioachino                     329, 331
giovanni                      285, 383, 406, 656
giulia                        429, 633
giuseppe                      265, 279, 329
global                        376, 821
gobernada                     212, 259, 279, 303
gobierno                      21, 210, 245, 272, 299, 303, 425, 648
golfo                         222, 767
gracias                       175, 234, 257, 293
gran                          120, 160, 222, 224, 268, 277, 395, 410, 630
grande                        55, 144, 154, 170, 297, 303, 414, 650
grandes                       242, 285, 362, 374, 380, 429, 527, 620
grecia                        214, 216, 620
gregoriana                    548, 576
gregorovius                   448, 777
griega                        141, 739
griego                        134, 136, 325, 814
gualtieri                     91, 303
guerra                        285, 287, 290, 291, 293
guerras                       214, 216, 218
guido                         544, 551
ha                            124, 160, 175, 179, 329, 395, 431, 446, 620, 646, 692
haber                         212, 218, 236, 291, 393
habitantes                    313, 804, 805
hablan                        212, 463
hace                          131, 160, 206, 232, 253
hacia                         73, 479, 525
halla                         175, 357
han                           331, 393, 441, 444, 448, 465, 620, 646
hasta                         175, 177, 197, 214, 222, 253, 257, 274, 277, 295, 325, 498, 517, 525, 638
hay                           212, 368, 406, 490
hecho                         230, 349
hermanada                     111, 689
hermanadas                    34, 688
herramientas                  47, 620
hijo                          129, 130, 131
historia                      19, 120, 160, 199, 200, 276, 277, 347, 349, 393, 400, 406, 421, 431, 444, 479, 731, 757, 762, 848
historiadores                 238, 739
hizo                          285, 327, 519, 620
hoy                           160, 212, 297, 431, 620, 730
humanidad                     122, 500
humedad                       177, 193
i                             218, 224, 232, 308, 353, 620, 650, 745, 802, 862
idioma                        86, 327
iglesia                       243, 281, 325, 336, 353, 355, 357, 399
iglesias                      406, 609, 828
ii                            216, 218, 222, 247, 281, 308, 519, 521, 591
iii                           216, 226, 249, 279, 281, 308, 519, 521, 537, 542, 603
il                            729, 825
imagen                        166, 402, 620
imperial                      144, 221, 230, 272, 461, 525
imperiali                     285, 457, 657, 669
imperio                       120, 144, 222, 224, 230, 232, 234, 236, 238, 243, 249, 257, 272, 281, 325, 351, 353, 457, 517, 620, 722, 877
importancia                   277, 385, 400, 517, 519
importante                    374, 406, 444, 523, 620
importantes                   120, 353, 374, 376, 402, 521, 527
in                            406, 656, 729, 759, 861
inaugurada                    268, 457
incluyen                      620, 626, 662
incluyendo                    313, 640
influencia                    175, 325, 327, 620
inicialmente                  210, 353
inicio                        14, 295, 523
inocencio                     521, 631
instituciones                 349, 355, 641, 642, 737
instituido                    222, 285
instituto                     564, 589, 590, 591, 592, 593, 597, 650
institutos                    531, 573
interior                      124, 357, 496
internacional                 325, 376, 646, 667, 668
internacionales               376, 383, 561, 646, 662
internas                      214, 232
isbn                          762, 857, 866, 867, 868, 869
isla                          162, 175, 385
istat                         107, 109, 317, 807
istituto                      724, 726, 729
italia                        69, 71, 82, 87, 88, 118, 208, 214, 243, 277, 281, 285, 291, 297, 303, 313, 327, 374, 380, 381, 414, 425, 450, 503, 504, 505, 506, 507, 508, 509, 510, 511, 512, 513, 515, 519, 531, 611, 864, 878
italiana                      156, 293, 297, 325, 327, 646, 648, 666, 729, 811
italiano                      86, 118, 285, 303, 320, 327, 425, 457, 494, 725, 726, 759, 825, 866, 867, 868, 869, 872, 873, 874
italianos                     156, 327, 620, 753
italico                       538, 664
iv                            252, 253, 308, 517, 519, 620
ix                            253, 281, 309
j                             850, 854
jefe                          243, 353
john                          557, 565
juan                          405, 481, 504, 523, 591
jubileo                       257, 293
juegos                        295, 603, 660
julio                         218, 519, 521, 658, 730, 731, 745, 749, 757, 804, 816, 820, 824, 847, 861, 864
jun                           184, 879
junio                         110, 290, 291, 293, 657, 805, 826, 861
junto                         122, 177, 218, 290, 325, 376, 406, 805
km                            95, 154, 170, 175, 435, 450, 752
l                             230, 232, 521, 848, 851, 852, 853, 856
la                            69, 73, 78, 117, 118, 120, 122, 124, 132, 133, 134, 135, 137, 139, 141, 143, 144, 146, 151, 154, 156, 160, 162, 167, 170, 173, 175, 177, 179, 181, 197, 204, 206, 208, 210, 212, 214, 216, 218, 221, 222, 224, 226, 229, 230, 232, 234, 236, 238, 242, 243, 245, 249, 253, 255, 257, 259, 261, 266, 268, 272, 274, 277, 279, 281, 285, 287, 290, 291, 293, 295, 297, 302, 303, 306, 313, 320, 325, 327, 329, 331, 344, 347, 349, 351, 353, 355, 357, 362, 366, 368, 374, 376, 380, 381, 383, 385, 393, 395, 400, 402, 406, 409, 410, 412, 414, 421, 425, 429, 431, 433, 435, 439, 441, 444, 446, 448, 450, 454, 455, 457, 461, 463, 465, 473, 474, 479, 481, 483, 490, 492, 494, 496, 498, 500, 501, 505, 507, 508, 509, 517, 519, 521, 523, 525, 527, 535, 540, 579, 585, 603, 605, 609, 620, 626, 630, 632, 638, 640, 642, 645, 646, 648, 650, 653, 656, 657, 658, 660, 666, 684, 707, 729, 730, 731, 734, 739, 740, 749, 756, 757, 762, 767, 804, 805, 825, 845, 850, 857, 863, 866, 878, 879, 880, 881
lacio                         84, 89, 118, 208, 329, 387, 648
lado                          285, 351, 521
lago                          162, 489
lagos                         162, 170
largo                         455, 479, 605, 657
las                           114, 120, 122, 135, 141, 144, 146, 150, 151, 154, 160, 162, 167, 173, 177, 214, 216, 224, 230, 242, 247, 253, 257, 259, 268, 272, 274, 281, 291, 293, 295, 303, 329, 331, 346, 347, 349, 351, 355, 357, 362, 366, 368, 374, 376, 380, 381, 406, 412, 418, 421, 429, 433, 439, 444, 446, 448, 455, 457, 463, 465, 481, 483, 490, 492, 496, 498, 517, 519, 521, 523, 525, 527, 597, 603, 607, 609, 611, 620, 635, 636, 645, 646, 648, 666, 734, 737, 742, 746, 828, 863, 879
laterano                      281, 406, 656
latino                        134, 210
latinos                       132, 208, 214
lazio                         672, 674
le                            124, 214, 218, 222, 281, 523
lema                          79, 146
lengua                        120, 325, 327, 739
leonardo                      383, 560
libera                        551, 558, 560
libre                         3, 479
llamada                       118, 204, 285, 457, 609
llamado                       175, 224, 353, 406, 457, 650
lleg                          120, 435
lleva                         214, 460, 658, 665
lo                            144, 156, 162, 175, 197, 212, 230, 247, 281, 327, 393, 517, 525, 605, 657
loba                          143, 144, 204, 206, 632
logo                          9, 12
longitud                      387, 435
lorenzo                       406, 564
los                           120, 132, 137, 139, 144, 146, 154, 160, 162, 167, 170, 173, 175, 177, 179, 181, 197, 206, 208, 212, 214, 218, 224, 226, 230, 232, 236, 238, 245, 247, 253, 255, 257, 261, 268, 272, 274, 277, 279, 281, 285, 291, 293, 295, 313, 320, 327, 331, 345, 346, 347, 349, 353, 355, 362, 366, 368, 387, 395, 399, 400, 402, 406, 412, 414, 421, 425, 429, 431, 433, 435, 439, 441, 444, 448, 457, 461, 463, 479, 481, 483, 490, 519, 523, 525, 527, 561, 603, 605, 607, 609, 620, 624, 626, 628, 633, 646, 650, 656, 660, 666, 734, 740, 753, 755, 804, 805, 848
lozzi                         836, 837, 838, 839, 840, 841, 842, 868
ltimo                         214, 234
ltimos                        179, 435
luchas                        214, 232, 245, 257, 259
luego                         232, 327, 355, 457, 517
lugar                         177, 232, 243, 266, 393, 664, 668
lugares                       402, 406, 439
luiss                         544, 551
m                             97, 197
madrid                        154, 313, 704, 752
maggiore                      481, 523
mandato                       222, 224
manera                        517, 523
mar                           162, 170, 175, 177, 184, 197, 362
maravillas                    144, 746
marcha                        284, 285
marcio                        210, 212
marco                         218, 465, 760
maria                         523, 558, 868
marina                        175, 648
mario                         167, 197, 218, 741
martignano                    162, 170
marzo                         274, 278, 295
material                      160, 611
mauro                         857, 866
mayo                          274, 656, 664, 735, 804, 817, 825, 826
mayor                         320, 327, 374, 406, 431, 433, 446, 448, 461, 505, 531, 648
mayores                       110, 331, 523
media                         97, 144, 175, 177, 186, 187, 188, 240, 257, 327, 421, 448, 517, 605
mediante                      285, 303, 523
medici                        519, 564
medieval                      261, 325, 448
medievales                    285, 609
medio                         272, 374, 385
medios                        362, 607
mejor                         230, 368
mes                           10, 184
meses                         173, 177, 279
metro                         295, 387, 821, 825
metropolitana                 90, 117, 374, 387, 717
miembro                       114, 218
mientras                      441, 767
milenios                      120, 122
militar                       144, 226, 443, 648, 657
militares                     313, 444
millones                      160, 257, 374, 805
misma                         325, 357
mismo                         232, 257, 272, 285, 460, 461, 523, 525
mitad                         218, 224, 253, 329, 414, 448
mitos                         349, 605
mm                            177, 190, 191
moderna                       212, 263, 433, 519, 850
moderno                       144, 331, 634
modo                          245, 295, 327, 689
momento                       261, 266
monte                         167, 197, 603, 758
montes                        160, 167, 208
monumental                    362, 400, 414
monumentales                  433, 525
monumentalidad                412, 525
monumentos                    421, 517
moradas                       268, 429
mosc                          154, 684, 752
muchas                        245, 362, 490, 527, 642
muchos                        331, 425, 461, 519, 620, 662
muerte                        229, 234
muestra                       362, 395
multimedia                    871, 876
mundial                       114, 285, 287, 290, 291, 293, 374, 376, 431, 646, 660
mundo                         122, 124, 144, 156, 222, 243, 257, 374, 393, 395, 479, 605, 628, 636
municipal                     144, 496, 498
municipales                   277, 362
municipalidad                 362, 421, 603
municipio                     118, 141, 154, 170, 255, 297, 308, 309, 310, 313, 320, 745, 805
municipios                    156, 306, 751, 753
murallas                      122, 281, 444, 446, 734
museo                         229, 479, 609, 611, 628, 633, 635, 636, 637, 638, 639, 640, 861
museos                        203, 421, 622, 623, 624, 626, 628, 632
mussolini                     285, 287
muy                           156, 175, 177, 212, 362, 385, 412, 457, 603, 620
n                             97, 160, 194, 195
nace                          247, 492
nacional                      374, 425, 611, 629, 633, 634, 635, 636, 638, 648
nacionales                    381, 636
naciones                      376, 646, 666
natural                       170, 492, 496
naturales                     162, 487, 496
navona                        455, 470, 471
nazionale                     457, 724, 726
nica                          124, 144, 277, 395, 446
nicamente                     402, 519
nico                          406, 519, 731
nieve                         179, 757
nivel                         197, 374
no                            154, 156, 212, 236, 245, 249, 277, 281, 327, 329, 347, 349, 362, 368, 385, 402, 412, 431, 517, 519, 521, 620, 805
nobles                        255, 257, 259, 268, 421, 429
nombrar                       230, 620
nombre                        127, 134, 303, 460, 502, 740
norte                         120, 208
notables                      179, 331, 632
noviembre                     173, 177, 732, 754, 825
nuestros                      849, 880
nueva                         154, 232, 261, 268, 272, 525, 703, 752, 849
nuevas                        268, 295, 351, 523, 525, 746
nuevo                         236, 249, 261, 274, 293, 421, 498, 607
nuevos                        230, 255, 287, 295, 620
numa                          210, 212
numerosas                     218, 232, 293, 351, 381, 412, 429, 465
numerosos                     281, 285, 320, 357, 448, 620
o                             129, 134, 135, 162, 218, 230, 285, 341, 349, 406, 414, 429, 433, 455, 463, 805, 863
obeliscos                     461, 523
obispo                        353, 357
obra                          236, 268, 523, 527
obras                         519, 523, 525, 629
obstante                      347, 362
occidental                    156, 230
occidente                     234, 238, 243
octubre                       177, 285, 646, 748, 756
ocultar                       13, 48
ocupa                         313, 366
of                            546, 554, 598, 728, 809
oficial                       86, 113, 234, 325, 327, 646, 872
op                            853, 854, 855, 856
opera                         620, 650
orden                         406, 433, 446, 461, 517, 519
organizado                    660, 669
oriental                      230, 232, 592, 767
oriente                       120, 216, 351
origen                        127, 210
original                      525, 732, 735, 748, 751, 753, 754, 755, 757, 758, 759, 805, 817, 824, 825, 826, 861, 866
oro                           141, 479
oscos                         208, 214
otan                          376, 646
otras                         154, 329, 341, 376, 387, 406, 414, 448, 452, 461, 490, 527, 632, 692
otro                          170, 362
otros                         69, 78, 144, 167, 214, 357, 421, 431, 435, 481, 629, 805
p                             141, 727, 729, 738, 740, 750, 777, 779, 781, 782, 788, 791, 798, 806, 815, 833, 834, 835, 839, 840, 843, 844, 846, 848, 849, 851, 853, 854, 856, 858, 860
pablo                         112, 122, 344, 406, 454, 515, 525, 591
pactos                        285, 692
paisaje                       162, 448
palabra                       135, 206
palacio                       281, 421, 425, 504, 506, 507, 509, 512, 514, 521, 542, 638, 749
palacios                      268, 425
palatino                      135, 479
palazzo                       302, 303, 421, 425, 508, 509, 510, 511, 631
papa                          232, 243, 247, 249, 252, 253, 259, 261, 266, 268, 272, 274, 281, 353, 461, 521, 523, 603
papado                        517, 519
papal                         255, 268, 272, 274, 517, 519, 525
papales                       406, 421
papas                         236, 257, 279, 433, 435, 519, 620, 848
papel                         236, 444
para                          69, 154, 230, 238, 268, 287, 295, 327, 362, 368, 376, 383, 414, 441, 463, 519, 523, 525, 527, 597, 620, 646, 756, 805, 882
parque                        170, 483, 492, 496
parte                         120, 160, 222, 224, 230, 232, 236, 266, 272, 327, 374, 400, 406, 429, 433, 446, 448, 461, 479, 494, 523
particularmente               173, 293
partir                        293, 429, 603
pas                           245, 272, 281, 293, 450
pasa                          234, 285
pasado                        395, 429
pasando                       297, 523
patricios                     146, 214
patrimonio                    27, 114, 122, 362, 392, 400, 500
paulo                         519, 603
pdf                           745, 753, 755, 816
pedro                         73, 112, 144, 242, 249, 265, 268, 295, 344, 353, 406, 409, 473, 474, 521, 525, 527
per                           374, 811
peregrinaje                   357, 519
peregrinos                    257, 406, 517
pereira                       850, 854
periodo                       214, 279, 455, 517
periodos                      177, 395, 400
permitieron                   214, 245
pero                          177, 236, 249, 259, 268, 272, 287, 313, 448, 620, 642
pertenecientes                154, 353
pia                           281, 523
piazza                        197, 271, 455, 479, 657, 667
pie                           393, 406, 463
pietro                        381, 668
piezas                        632, 638
plaza                         73, 421, 455, 467, 468, 470, 471, 473, 474, 508, 523, 527, 656
plazas                        455, 463, 523, 527
poblada                       118, 297
poblado                       118, 313
poca                          212, 325, 448, 479, 620, 638
pocas                         325, 521
poco                          154, 179, 234, 279, 293, 393, 523
poder                         124, 230, 232, 243, 253, 272, 279, 281, 285, 421, 463
poderosas                     268, 448
poetas                        331, 609
pompilio                      210, 212
pontificia                    257, 281, 421, 548, 575, 576, 577, 578, 579, 580, 581, 582, 585, 586, 587, 588
pontificio                    247, 266, 281, 583, 584, 590, 591, 592, 593
pontificios                   531, 573
popolo                        197, 271, 446, 455, 523
popular                       562, 603, 609, 707
populares                     523, 605, 611
populusque                    79, 146
por                           118, 122, 124, 135, 141, 154, 156, 160, 162, 167, 175, 204, 206, 208, 210, 212, 214, 216, 224, 230, 232, 234, 236, 243, 245, 253, 257, 259, 261, 266, 268, 272, 274, 279, 281, 285, 291, 325, 327, 329, 345, 351, 357, 362, 366, 368, 374, 385, 387, 393, 433, 439, 441, 446, 450, 461, 463, 479, 494, 501, 517, 519, 521, 523, 525, 527, 531, 603, 607, 609, 620, 660, 734, 739, 741, 742, 743, 767, 777, 805, 879
porta                         281, 446, 481, 523, 656
posee                         173, 531
posible                       385, 609
posteriormente                210, 230, 353
pp                            761, 762, 763, 764, 765, 766, 768, 769, 770, 771, 772, 773, 774, 775, 776, 778, 780, 783, 784, 785, 786, 787, 789, 790, 792, 793, 794, 795, 796, 797, 799, 800, 801, 831, 832, 836, 837, 838, 841, 842, 850, 859
predecesor                    678, 683
presencia                     156, 243, 362
presenta                      162, 347, 395, 640
presentes                     412, 481
prima                         483, 729, 811
primavera                     173, 669
primer                        139, 257, 272, 295, 412, 658
primera                       120, 224, 285, 325, 329, 414, 620
primero                       245, 325, 353
primeros                      224, 285
principal                     200, 300, 446, 457, 540, 623
principales                   351, 414, 439, 455, 457, 465, 603, 650
principios                    329, 410
prisco                        210, 212
privadas                      531, 549, 568
programa                      376, 519, 646
protegida                     450, 496
protestantes                  406, 414
provenientes                  320, 351
provincia                     425, 648
provincial                    425, 648
provincias                    216, 230
public                        620, 822
pueblo                        80, 146, 463
pueblos                       208, 214
puede                         212, 620
pueden                        177, 446, 624, 880
puente                        73, 243, 441, 460
puerta                        446, 454
puerto                        385, 754
puesto                        99, 313, 366, 376
puntos                        362, 385
quarta                        857, 866
que                           120, 122, 124, 132, 133, 134, 135, 136, 137, 144, 146, 151, 154, 156, 160, 170, 175, 206, 208, 210, 212, 214, 216, 218, 222, 224, 230, 232, 234, 236, 243, 245, 247, 253, 255, 257, 261, 266, 272, 274, 277, 279, 281, 285, 291, 295, 325, 327, 329, 345, 349, 355, 357, 368, 374, 385, 393, 395, 402, 406, 421, 429, 441, 446, 448, 450, 457, 461, 463, 465, 479, 492, 494, 517, 519, 521, 523, 525, 527, 603, 605, 609, 611, 620, 626, 632, 633, 640, 646, 650, 657, 662, 664, 668, 730, 740, 805
quien                         218, 523, 620
quienes                       230, 313
quirinal                      167, 420, 425, 523
r                             141, 850, 854
radial                        381, 523
rafael                        252, 519, 629
ranke                         848, 852, 853, 856
rdenes                        272, 519
rea                           154, 160, 257, 287, 374, 381, 441, 479, 483, 490, 494, 496, 717
realidad                      206, 492
realizada                     362, 368
realizado                     366, 804
reas                          154, 156, 487, 490, 492, 498
reciente                      160, 276, 492
red                           366, 381
referencia                    135, 206, 863
referencias                   36, 137, 723
regina                        285, 584
regional                      170, 368, 425, 492, 496, 648
reino                         216, 281, 425, 702
relieves                      160, 162, 167
religiones                    340, 351, 414
religiosa                     397, 406, 479, 605
religiosas                    349, 412
religioso                     249, 400
remo                          133, 135, 144, 203, 204, 206
remontan                      444, 461, 603
renacimiento                  327, 455, 519, 620
rendina                       738, 750, 777, 778, 779, 780, 781, 782, 783, 784, 785, 786, 787, 788, 789, 790, 791, 792, 793, 794, 795, 796, 797, 798, 799, 800, 801, 831, 832, 833, 834, 835, 843, 844, 846, 858, 859, 860, 869
representa                    144, 156
republicana                   357, 402
residencia                    230, 805
residentes                    313, 320, 805
resto                         177, 281
restos                        439, 479, 481
rey                           214, 236, 247, 281
reyes                         210, 212
roberto                       91, 303
roma                          39, 69, 70, 81, 82, 83, 84, 90, 117, 118, 124, 129, 137, 139, 144, 146, 151, 154, 156, 159, 160, 162, 166, 167, 170, 173, 197, 200, 204, 210, 212, 214, 221, 222, 230, 232, 236, 242, 243, 245, 247, 249, 253, 255, 257, 259, 261, 266, 268, 272, 274, 277, 279, 281, 284, 285, 287, 290, 291, 293, 295, 297, 300, 302, 303, 306, 308, 309, 310, 313, 315, 320, 325, 334, 344, 345, 346, 351, 355, 357, 362, 365, 366, 372, 374, 376, 380, 381, 387, 393, 395, 400, 402, 406, 410, 412, 414, 421, 425, 429, 431, 433, 444, 446, 448, 455, 457, 461, 463, 465, 479, 490, 494, 496, 498, 503, 517, 519, 521, 523, 525, 527, 531, 535, 536, 537, 538, 540, 542, 556, 561, 570, 596, 603, 605, 609, 613, 620, 623, 637, 646, 648, 653, 660, 662, 664, 665, 669, 671, 672, 673, 674, 675, 689, 691, 692, 717, 729, 731, 732, 733, 741, 743, 745, 748, 751, 757, 759, 762, 767, 804, 805, 809, 810, 811, 826, 828, 845, 850, 851, 857, 861, 863, 864, 866, 867, 868, 869, 871, 872, 873, 874, 876, 878
romana                        146, 216, 272, 279, 347, 349, 351, 400, 448, 607, 620, 640, 730, 756
romanas                       216, 455, 481, 609, 635
romanesco                     327, 329, 331
romano                        80, 102, 120, 130, 144, 160, 234, 238, 243, 245, 272, 285, 368, 463, 479, 486, 494, 496, 603, 615, 620, 636, 722, 877
romanos                       255, 272, 362, 368, 414, 461, 620, 624, 650
romanus                       79, 146
rome                          546, 554, 565, 567, 598, 691, 728, 812, 818, 876
romeas                        124, 257, 357
rugby                         666, 673, 674
s                             97, 141, 208
sagrado                       345, 553, 605
sagrados                      236, 402
san                           73, 112, 122, 144, 242, 249, 261, 265, 268, 295, 344, 381, 405, 406, 409, 446, 454, 455, 473, 474, 481, 504, 506, 515, 521, 523, 525, 527, 587, 650, 656
santa                         122, 124, 399, 406, 504, 505, 523, 579, 650
santo                         514, 580, 650
sapienza                      287, 368, 535, 540, 570, 820
saqueo                        236, 266
se                            118, 122, 124, 151, 154, 160, 170, 175, 177, 179, 206, 208, 214, 216, 218, 222, 224, 230, 232, 234, 247, 253, 255, 257, 259, 274, 277, 281, 285, 293, 295, 303, 320, 325, 327, 329, 351, 353, 355, 357, 376, 387, 393, 395, 402, 406, 410, 431, 435, 441, 444, 455, 461, 463, 465, 479, 483, 494, 496, 519, 521, 523, 525, 527, 531, 603, 605, 607, 611, 620, 632, 634, 635, 650, 654, 657, 658, 665, 734, 805, 879
sede                          122, 302, 303, 357, 372, 374, 406, 421, 425, 431, 517, 519, 525, 540, 544, 645, 646, 650, 660, 805
sedes                         374, 425, 523, 648
segunda                       218, 279, 287, 290, 291, 374, 393, 448
segundo                       218, 281
seis                          446, 666
senado                        80, 146, 425, 749
senatorio                     302, 303
senatus                       79, 146
septiembre                    238, 281, 525, 735, 746, 748, 751, 754, 755, 757, 805, 809, 810, 811, 812, 845, 866
ser                           120, 234, 277, 281, 293, 297, 519, 620
servicio                      385, 387, 650
servio                        210, 741
sesenta                       293, 412, 457
si                            175, 374, 603
sido                          212, 218, 230, 291, 517, 740
siete                         144, 150, 162, 167, 210, 406, 525, 746
siglo                         216, 218, 222, 224, 226, 242, 253, 255, 257, 259, 265, 271, 272, 285, 329, 353, 410, 412, 414, 435, 448, 465, 519, 527, 603, 620, 630
siglos                        120, 154, 218, 224, 261, 355, 357, 395, 421, 465, 620
significa                     136, 374
significado                   741, 743
similar                       327, 374, 525
sin                           175, 212, 281, 351, 490, 517, 519, 523, 525, 620, 648, 805, 881
sino                          349, 402, 521
sirve                         479, 756
sistema                       303, 523
sistemas                      255, 446
sitio                         113, 872, 880
sitios                        478, 479, 481
sixtina                       527, 626
sixto                         268, 461, 519, 521, 523, 525
sobre                         69, 120, 127, 151, 154, 160, 170, 197, 232, 243, 266, 268, 284, 285, 325, 351, 362, 366, 368, 448, 479, 483, 525, 603, 609, 642, 871
social                        218, 400, 406, 479
sociedad                      120, 146, 347, 353, 366, 368
solamente                     268, 272, 281
solo                          325, 385, 521, 620, 691, 740, 767
son                           141, 144, 173, 218, 320, 331, 400, 406, 412, 414, 421, 429, 439, 463, 481, 492, 607, 620, 628, 742
spaghetti                     615, 620
statistica                    724, 726
studi                         551, 571
su                            120, 122, 124, 129, 154, 156, 170, 210, 222, 234, 236, 249, 274, 277, 281, 353, 357, 362, 381, 395, 406, 421, 431, 435, 444, 463, 479, 517, 523, 525, 531, 609, 620, 650, 742
sucesivamente                 160, 325
sucesor                       236, 681, 686
sufri                         236, 259, 325
sufrir                        325, 327
superficie                    94, 154, 303, 724, 751, 752
superior                      154, 175, 597, 650
sur                           208, 709
surge                         151, 609
sus                           120, 154, 162, 224, 230, 234, 253, 266, 268, 313, 347, 393, 421, 446, 463, 465, 517, 519, 523, 603, 607, 609, 640, 751
tanto                         135, 162, 214, 245, 281, 303, 517, 519, 767
tarquinio                     210, 212
temp                          185, 186, 187, 188, 189
temperatura                   175, 179
temperaturas                  175, 177
templos                       402, 479, 523
tempo                         825, 868
temporal                      124, 279
tercera                       118, 236
termas                        439, 481, 635, 645
termini                       295, 380, 381
terreno                       160, 523
territorio                    153, 154, 156, 160, 162, 170, 222, 230, 245, 277, 494, 496, 498, 531
territorios                   154, 156, 281
texto                         49, 880
the                           728, 822
tiberina                      162, 385
tiberio                       218, 224
tiempo                        277, 293, 329
tiene                         124, 160, 232, 243, 277, 327, 383, 385, 646, 650, 664, 668
tierras                       247, 523
tirreno                       162, 170, 175
tito                          324, 439
toda                          120, 144, 214, 277, 393, 517, 519, 605, 611
todo                          156, 243, 325, 351, 362, 368, 444, 448, 642
todos                         353, 400, 523
tokio                         682, 710
tor                           496, 536
torino                        278, 851
torre                         455, 479, 749
toscana                       327, 759
total                         95, 100, 156, 190, 313, 320, 387, 492, 498, 531, 805
tradicional                   611, 657
tradiciones                   347, 357, 600, 605, 609, 611, 640
trajano                       222, 479, 525
transcurrir                   431, 444
transcurso                    120, 435, 465
transporte                    26, 362, 378
tras                          374, 523
tratados                      295, 646
trento                        266, 268
tres                          120, 122, 216, 257, 374, 387, 406, 805
trevi                         73, 433, 527, 720
trilussa                      329, 331
troyana                       137, 740
tulio                         210, 218
tumbas                        412, 483
tuvo                          210, 266, 281
ubicada                       81, 83, 249
ucrania                       374, 701
un                            141, 151, 154, 156, 173, 177, 179, 210, 214, 226, 232, 234, 236, 243, 245, 252, 272, 277, 279, 281, 285, 303, 327, 349, 351, 353, 366, 368, 373, 374, 383, 385, 395, 402, 406, 444, 450, 455, 463, 479, 492, 519, 531, 603, 615, 619, 620, 656, 731, 805, 825
una                           7, 118, 120, 124, 137, 144, 154, 156, 160, 162, 175, 204, 206, 212, 214, 245, 259, 268, 274, 277, 285, 287, 303, 325, 327, 345, 349, 353, 355, 357, 362, 374, 376, 380, 387, 395, 400, 406, 446, 492, 517, 519, 525, 603, 605, 607, 609, 620, 634, 635, 734, 740, 871, 881
unesco                        501, 733, 734
unidas                        376, 646
unido                         243, 702
unidos                        656, 703
universidad                   257, 368, 535, 536, 537, 538, 540, 542, 548, 553, 555, 556, 558, 560, 561, 562, 563, 568, 570, 572, 575, 576, 577, 578, 579, 580, 581, 650, 850
universidades                 530, 531, 533, 549, 573, 826
universit                     551, 571
university                    546, 552, 554, 557, 566, 598, 728
uno                           154, 293, 439, 740
urbana                        381, 441, 517, 521
urbanas                       368, 429
urbanismo                     516, 847
urbano                        162, 170, 175, 362, 395, 483, 492, 517, 734
urbe                          118, 325, 863
uso                           362, 603, 880
v                             259, 261, 266, 268, 308, 519, 521, 523, 525
varias                        127, 214, 285, 387, 439, 648
varios                        362, 385, 406, 421, 425
vaticano                      124, 144, 156, 253, 285, 295, 313, 320, 344, 357, 406, 409, 514, 519, 521, 523, 620, 718, 735, 805
vaticanos                     626, 628
veneto                        457, 619
venezia                       421, 455, 479, 638, 657
ver                           45, 620
verano                        175, 177, 414
verdadero                     268, 479, 740
verde                         167, 490, 845
verdes                        156, 490, 498
vez                           236, 393, 517, 523, 879
via                           285, 457, 483, 521, 523, 603, 619, 669
vida                          297, 359, 362, 366, 455, 479, 609
vii                           274, 279, 309, 519
viii                          257, 309, 734
villa                         281, 361, 429, 483, 489, 521, 630, 633, 667
villas                        421, 429, 490
vinci                         383, 560
vita                          293, 816
viven                         313, 805
volscos                       208, 214
wikimedia                     871, 881, 883
wikipedia                     4, 317, 881
x                             309, 448, 519, 525, 603, 631
xii                           255, 310
xiii                          170, 310, 448
xiv                           310, 448
xix                           329, 603
xv                            242, 259, 310, 519, 603, 630
xvi                           257, 285, 519, 737
xvii                          465, 527
xviii                         265, 271, 414
xx                            170, 285, 329, 410, 435
y                             10, 34, 73, 80, 112, 118, 120, 122, 124, 130, 133, 134, 135, 141, 144, 146, 154, 156, 160, 162, 167, 170, 173, 177, 179, 181, 203, 204, 206, 208, 210, 212, 214, 216, 218, 222, 224, 230, 232, 234, 236, 238, 243, 245, 253, 255, 257, 259, 261, 265, 266, 268, 272, 274, 279, 281, 285, 287, 291, 293, 295, 297, 303, 313, 315, 319, 320, 322, 325, 329, 331, 347, 351, 355, 357, 362, 366, 368, 374, 376, 380, 381, 383, 387, 393, 395, 400, 406, 412, 414, 421, 425, 429, 431, 433, 435, 439, 441, 444, 446, 448, 454, 455, 457, 463, 465, 473, 474, 479, 481, 483, 489, 492, 494, 496, 498, 505, 517, 519, 521, 523, 525, 527, 531, 600, 603, 605, 609, 611, 620, 629, 630, 640, 641, 642, 646, 648, 650, 654, 660, 662, 664, 669, 688, 689, 692, 734, 739, 749, 751, 756, 767, 805, 850, 874, 877, 880, 882
ya                            181, 222, 236, 281, 331, 345, 349, 605, 620
york                          154, 703, 752
zona                          160, 170, 214, 421
zonas                         162, 230, 285, 295, 329, 368, 490, 492, 609
